 347   510 
 542   579 
 815   229 
 676   170 
 360   950 
 946   118 
 223   406 
 605   511 
 847   249 
 738   172 
 397   936 
 583   732 
 844   268 
 267   126 
 440   782 
 807   162 
 469   530 
 171   430 
 225   430 
 390   665 
 862   74 
 857   147 
 102   99 
 412   577 
 457   831 
 702   280 
 845   286 
 641   807 
 858   297 
 934   123 
 951   317 
 855   418 
 104   45 
 506   545 
 750   216 
 288   78 
 866   12 
 663   633 
 74   44 
 367   970 
 737   332 
 36   20 
 677   308 
 457   651 
 558   885 
 462   807 
 721   364 
 359   599 
 512   746 
 242   22 
 108   432 
 855   453 
 487   678 
 282   356 
 148   451 
 472   880 
 369   608 
 177   191 
 920   95 
 606   824 
 687   452 
 667   121 
 840   209 
 790   75 
 412   597 
 980   200 
 544   641 
 924   385 
 360   704 
 80   155 
 430   797 
 542   644 
 556   680 
 992   146 
 84   311 
 879   41 
 341   996 
 907   87 
 245   392 
 74   310 
 484   681 
 403   746 
 284   459 
 450   608 
 94   279 
 83   95 
 487   927 
 16   323 
 726   38 
 180   348 
 95   388 
 50   165 
 750   91 
 88   178 
 820   241 
 831   403 
 584   619 
 657   550 
 459   701 
 427   861 