1 6195 1
-4 5868 1
3 1481 1
-8 12617 1
-6 12021 1
-4 15767 1
-6 4938 1
-10 12125 1
-1 3679 1
-10 15566 1
-8 5291 1
-1 852 1
2 5860 1
2 87 1
-5 11200 1
-10 3040 1
-8 9125 1
-3 9201 1
4 13101 0
4 13334 0
1 11696 1
-7 12548 1
4 9181 0
-2 12485 1
3 5888 1
-2 11141 1
-1 3688 1
-4 6889 1
1 6159 1
-3 8868 1
-6 2973 1
-4 9599 1
0 3396 1
2 11512 0
1 7605 1
1 12942 0
-6 2705 1
-8 6677 1
-9 13157 1
-9 4560 1
2 489 1
-9 15852 1
-9 5561 1
-2 15238 1
-9 1438 1
1 9444 1
-6 6399 1
-2 9776 1
-6 10341 1
-9 11864 1
1 13145 0
4 6554 0
-2 12216 1
-4 6990 1
-10 551 1
-5 15331 1
-6 3527 1
0 3977 1
-10 7003 1
-3 5717 1
-1 13582 1
-1 11132 1
0 3037 1
-3 13993 1
-1 9001 1
-9 6988 1
1 5706 1
-3 36 1
-10 11352 1
-4 5806 1
3 2312 1
3 1284 1
1 13381 0
-6 1426 1
0 4829 1
-2 13816 1
-8 11511 1
-9 14777 1
-7 4741 1
0 6329 1
-7 8735 1
2 7890 1
3 14549 0
-7 14862 1
0 11609 1
-7 5694 1
-10 1730 1
-4 7741 1
4 8331 0
4 13512 0
3 6502 0
-7 5029 1
-10 4021 1
-7 376 1
-7 9421 1
1 11853 1
4 96 1
-9 6077 1
-6 6416 1
-8 13350 1
-1 5993 1
-5 15124 1
-9 2995 1
2 1014 1
-6 10029 1
4 11158 0
-5 14148 1
-3 13745 1
-5 8062 1
-3 10672 1
-1 3006 1
0 1885 1
4 7508 0
-5 420 1
-10 788 1
-8 8818 1
-5 1861 1
-7 8168 1
-10 4115 1
-7 13275 1
-4 3169 1
1 9886 1
-1 1367 1
-5 1521 1
-3 3792 1
-10 13138 1
3 7897 0
-8 6932 1
0 4192 1
-10 9939 1
2 12818 0
-10 3798 1
-3 6683 1
-5 3627 1
-1 15980 1
2 1339 1
-6 10323 1
-7 7136 1
-4 1021 1
-3 13675 1
-9 4461 1
-3 12379 1
-10 5383 1
-1 13842 1
3 12601 0
2 12191 0
-7 9623 1
-10 9944 1
-8 7952 1
-8 3196 1
1 2676 1
-4 7968 1
-4 15243 1
-2 4474 1
-7 11867 1
4 10024 0
1 2366 1
-2 8510 1
-6 4442 1
-7 2084 1
1 7555 1
-6 13993 1
-8 1130 1
2 10855 0
-1 9946 1
-6 15282 1
3 4769 1
-9 14487 1
2 484 1
-5 942 1
1 5506 1
-1 2970 1
2 3057 1
4 1667 1
-10 7753 1
-5 13883 1
-6 274 1
-4 4394 1
3 8933 0
-6 5300 1
-9 13782 1
-1 10040 1
-4 394 1
0 7416 1
-10 10267 1
0 3821 1
3 2629 1
-5 7156 1
2 1780 1
-9 15799 1
-9 11596 1
-1 2265 1
-6 6906 1
0 14348 1
3 13290 0
-10 4581 1
0 588 1
4 14961 0
0 15794 1
1 12490 1
-3 8549 1
-10 6581 1
1 1757 1
4 1690 1
0 15357 1
-4 12106 1
-3 5290 1
-7 6341 1
-7 8149 1
-5 131 1
-5 13034 1
-2 3370 1
-1 6372 1
-3 13925 1
-7 6378 1
1 13924 0
-5 4578 1
-3 8594 1
-1 3386 1
-5 2550 1
-3 9211 1
-7 14898 1
-4 4454 1
1 6083 1
1 8642 1
0 2901 1
-1 11760 1
-4 10641 1
4 13616 0
2 6385 1
-2 1404 1
3 4536 1
-7 8750 1
-5 3246 1
2 11541 0
1 369 1
-8 3122 1
-2 12260 1
-1 10262 1
1 5212 1
-1 2322 1
-9 10983 1
0 9163 1
-7 10106 1
2 13463 0
-2 12973 1
-4 15100 1
-2 6131 1
0 14857 1
0 13845 1
7 9682 0
4 1380 1
6 10946 0
1 7232 1
2 10908 0
1 5461 1
1 7933 1
6 7280 0
7 3481 0
5 10281 0
3 12238 0
3 15731 0
2 14818 0
5 3946 0
5 2865 0
1 10932 1
7 14962 0
4 659 1
5 1044 0
7 920 0
4 12985 0
4 3249 0
6 4464 0
6 14867 0
2 2659 1
3 8322 0
3 1985 1
4 2554 1
2 9397 1
7 14173 0
1 12804 0
6 1216 0
5 6555 0
3 2352 1
1 12696 1
6 15407 0
3 9119 0
1 8281 1
3 3251 1
2 14295 0
2 11208 0
1 7941 1
6 9254 0
3 13195 0
3 5214 1
6 740 0
1 15980 0
7 12330 0
7 6499 0
5 6501 0
6 10403 0
7 6078 0
3 7091 0
2 12734 0
1 1367 1
6 1429 0
3 824 1
6 6162 0
6 5689 0
2 1077 1
1 9584 1
6 11948 0
1 13401 0
6 5347 0
5 5316 0
4 15022 0
5 13171 0
1 8658 1
6 11593 0
2 5774 1
3 8844 0
6 5446 0
4 11548 0
5 2099 0
2 9887 0
1 10663 1
1 8840 1
3 4600 1
7 2754 0
3 7615 0
5 14147 0
2 11522 0
4 14010 0
4 9051 0
7 3452 0
4 538 1
2 15075 0
5 8633 0
6 7092 0
2 5169 1
2 11883 0
1 15682 0
2 13763 0
6 1493 0
4 12510 0
5 10749 0
3 11809 0
6 8111 0
3 1833 1
6 10172 0
2 1966 1
1 1915 1
1 1159 1
4 3072 1
7 12891 0
4 7771 0
7 1190 0
2 13724 0
6 3981 0
4 11176 0
1 6601 1
1 3702 1
4 14408 0
5 6954 0
2 3207 1
2 11394 0
5 10094 0
1 1917 1
5 15062 0
7 3958 0
3 10800 0
2 11256 0
3 3022 1
6 5543 0
4 14442 0
5 2198 0
5 1830 0
5 13850 0
1 14683 0
4 2820 1
3 1944 1
7 11313 0
5 12477 0
6 4893 0
7 3313 0
2 14606 0
3 3946 1
3 6335 1
2 6147 1
7 6635 0
1 5261 1
7 4966 0
4 1754 1
1 9255 1
1 3365 1
1 11314 1
3 12633 0
6 4419 0
5 8158 0
1 8661 1
3 7867 0
3 4764 1
5 11835 0
6 6982 0
6 3700 0
5 10914 0
1 2622 1
1 2093 1
1 11197 1
2 8683 1
5 4429 0
2 13107 0
1 8911 1
4 8393 0
3 1892 1
5 11471 0
2 6402 1
1 10779 1
7 11111 0
5 12930 0
2 10483 0
6 13358 0
4 6440 0
5 4681 0
6 11510 0
1 15939 0
3 9135 0
6 1908 0
2 8461 1
2 2305 1
2 5278 1
1 10626 1
4 15249 0
3 10216 0
1 5893 1
1 7457 1
1 6118 1
2 1528 1
4 6976 0
3 12017 0
6 4119 0
6 11333 0
7 11258 0
3 11694 0
4 15389 0
4 7731 0
4 8444 0
5 15304 0
5 3110 0
3 9395 0
7 1479 0
2 7066 1
5 10893 0
7 15492 0
3 12120 0
5 13055 0
2 6788 1
2 15914 0
4 5306 0
5 13243 0
5 10891 0
1 2435 1
7 10669 0
7 9002 0
6 5295 0
4 4581 0
1 11568 1
6 12736 0
1 5366 1
1 5147 1
6 6869 0
4 13133 0
3 10191 0
2 2516 1
2 9481 1
3 5537 1
4 8113 0
1 5464 1
1 1420 1
4 14939 0
6 6489 0
2 15738 0
3 6635 0
5 8429 0
5 7853 0
7 4478 0
2 6437 1
1 3019 1
2 4329 1
6 4955 0
3 12636 0
3 3740 1
7 2147 0
6 10006 0
5 7198 0
6 15842 0
6 3284 0
4 6276 0
2 7420 1
4 14538 0
7 11803 0
4 12501 0
5 2480 0
1 2088 1
3 13486 0
1 12186 1
2 3964 1
4 15603 0
1 15529 0
1 3787 1
5 1928 0
6 3927 0
5 15309 0
4 798 1
6 11200 0
7 12811 0
6 14724 0
3 11132 0
3 8647 0
5 12856 0
7 10967 0
2 14075 0
3 1033 1
6 9481 0
5 9303 0
3 4569 1
3 4910 1
3 13327 0
7 4462 0
1 11021 1
5 2157 0
2 11936 0
7 4920 0
1 5433 1
6 13370 0
5 9194 0
3 4546 1
2 15112 0
7 14792 0
7 10599 0
2 14050 0
3 4726 1
3 10851 0
3 7721 0
5 8872 0
6 1283 0
4 14389 0
1 14035 0
3 7434 0
7 1545 0
8 7025 0
13 13342 0
14 11630 0
14 2123 0
8 5584 0
14 246 0
10 7042 0
11 12817 0
13 15827 0
10 3910 0
14 8647 0
12 5118 0
8 9921 0
8 8029 0
8 5803 0
11 7407 0
14 12836 0
12 12279 0
9 8417 0
10 10896 0
13 4532 0
10 4633 0
12 11952 0
12 111 0
10 5238 0
8 6847 0
8 11685 0
9 7944 0
13 6587 0
13 4583 0
12 5968 0
14 11132 0
13 7429 0
8 9419 0
13 11407 0
12 3721 0
12 10508 0
11 9646 0
8 6509 0
12 5350 0
14 2052 0
8 13054 0
9 1767 0
10 3679 0
12 2123 0
8 11905 0
13 1546 0
8 6952 0
10 11539 0
11 2621 0
12 1327 0
9 11352 0
12 14323 0
13 7400 0
10 9446 0
10 5572 0
12 6887 0
10 7713 0
10 2874 0
11 11402 0
8 13300 0
14 11050 0
12 14518 0
11 8450 0
12 237 0
10 6535 0
14 8646 0
12 14046 0
14 6016 0
8 5535 0
10 14198 0
14 496 0
13 10824 0
8 5490 0
13 9616 0
8 1928 0
9 12160 0
8 13771 0
8 7986 0
8 12296 0
11 4598 0
14 4558 0
9 15432 0
10 2873 0
13 7262 0
11 14682 0
8 1937 0
10 3732 0
14 15178 0
14 386 0
13 15661 0
14 3214 0
8 2886 0
11 12507 0
13 7129 0
10 6044 0
14 318 0
8 10525 0
13 12722 0
9 13712 0
11 5075 0
8 3670 0
8 2429 0
10 13057 0
14 2573 0
11 15956 0
14 5027 0
11 14460 0
10 1388 0
13 3839 0
12 201 0
12 1668 0
11 10590 0
9 6466 0
9 3890 0
9 2272 0
13 420 0
11 7237 0
14 10312 0
8 15939 0
13 10899 0
13 9921 0
14 5817 0
11 9628 0
11 1715 0
9 10705 0
14 558 0
9 8780 0
12 15350 0
12 6803 0
14 15108 0
12 11663 0
14 6919 0
9 13942 0
13 1247 0
14 12362 0
14 13224 0
10 117 0
9 1045 0
9 3291 0
9 9752 0
14 2041 0
14 8580 0
9 11630 0
13 490 0
13 15392 0
14 11116 0
8 14203 0
8 1489 0
12 7218 0
8 9838 0
14 6785 0
8 7588 0
12 2434 0
12 2878 0
10 9262 0
13 7470 0
9 5395 0
8 7558 0
13 6807 0
9 8337 0
8 11466 0
9 425 0
13 4451 0
13 8323 0
14 1758 0
10 12412 0
8 9071 0
13 7847 0
8 8451 0
13 379 0
8 10746 0
12 3866 0
9 8279 0
11 11596 0
13 9940 0
10 3926 0
9 9612 0
12 2405 0
9 1671 0
12 6884 0
10 1806 0
9 4073 0
9 15406 0
10 10923 0
12 8827 0
11 3372 0
12 4025 0
10 5771 0
8 451 0
13 836 0
12 4777 0
13 2585 0
12 7828 0
14 9676 0
10 14473 0
13 6558 0
12 15892 0
10 6784 0
8 4266 0
8 12298 0
8 4901 0
9 2492 0
12 14987 0
9 3748 0
8 2315 0
10 6443 0
12 5364 0
11 15483 0
11 465 0
10 14302 0
12 15737 0
9 9040 0
10 3005 0
12 6845 0
14 10023 0
14 8587 0
9 1032 0
14 5892 0
8 9601 0
11 10511 0
10 12002 0
11 3064 0
12 7231 0
13 5013 0
11 7101 0
14 649 0
14 3947 0
8 2544 0
8 9485 0
13 7555 0
10 12129 0
9 7672 0
9 12330 0
9 8722 0
10 1319 0
13 14478 0
11 11495 0
12 15270 0
11 683 0
14 14566 0
10 4834 0
14 8185 0
12 14886 0
12 14435 0
14 12109 0
9 8864 0
13 668 0
10 8823 0
11 506 0
8 13324 0
9 4281 0
14 7660 0
12 325 0
11 2863 0
12 1854 0
12 771 0
12 14127 0
8 605 0
14 12376 0
13 3992 0
8 5725 0
11 10701 0
13 4468 0
8 7773 0
10 724 0
11 7351 0
8 2160 0
13 1920 0
10 6403 0
14 11094 0
10 7564 0
9 14152 0
8 3966 0
14 14778 0
14 4765 0
12 11163 0
9 12291 0
12 13445 0
13 3600 0
12 5500 0
14 634 0
13 9874 0
12 3534 0
8 8040 0
9 15632 0
12 7860 0
14 1359 0
13 10538 0
8 10662 0
12 8815 0
10 2893 0
11 1658 0
10 12667 0
9 4206 0
10 14050 0
10 3130 0
12 8916 0
13 6144 0
12 10162 0
9 13888 0
9 6823 0
13 15481 0
12 2898 0
13 2893 0
14 883 0
13 903 0
12 2263 0
14 11860 0
11 10981 0
9 13355 0
8 12166 0
8 4681 0
12 6943 0
13 5244 0
10 7269 0
14 7626 0
10 11490 0
10 14880 0
10 9177 0
10 3267 0
14 505 0
10 6055 0
9 5651 0
11 9261 0
11 680 0
14 144 0
10 6874 0
13 7526 0
10 7566 0
10 3948 0
10 7958 0
14 7807 0
8 4230 0
12 14731 0
13 1015 0
10 14797 0
9 741 0
14 15829 0
11 11245 0
9 3726 0
14 3274 0
13 4337 0
11 15468 0
8 15659 0
14 13696 0
12 15179 0
9 3018 0
13 7705 0
9 13421 0
10 14163 0
12 10176 0
13 8204 0
13 15371 0
13 5712 0
11 13822 0
8 10377 0
10 2677 0
10 3288 0
13 9737 0
14 1902 0
9 10710 0
8 15343 0
11 6034 0
13 1296 0
9 6184 0
13 9615 0
10 4223 0
11 3957 0
11 4019 0
11 9728 0
9 11659 0
10 114 0
13 14980 0
12 396 0
13 9617 0
13 8793 0
14 2981 0
12 671 0
12 12878 0
8 5532 0
9 10733 0
8 2998 0
8 6974 0
9 1155 0
12 2055 0
13 7915 0
8 5078 0
14 7299 0
9 979 0
8 8678 0
13 11627 0
9 10318 0
12 4706 0
12 3679 0
11 7873 0
12 10174 0
9 3438 0
10 8905 0
12 3777 0
14 6332 0
12 8945 0
10 11148 0
13 4054 0
11 9735 0
10 4105 0
13 8403 0
12 7967 0
12 7919 0
10 7558 0
11 11817 0
13 336 0
11 2459 0
11 2161 0
9 13527 0
14 5458 0
13 456 0
8 11903 0
13 3187 0
10 9042 0
13 6359 0
13 1265 0
14 4913 0
12 2371 0
14 11505 0
12 14361 0
8 2424 0
12 3874 0
12 10928 0
8 3803 0
9 11319 0
14 10400 0
12 15260 0
10 12179 0
11 14837 0
12 6411 0
9 13599 0
12 2424 0
14 10907 0
8 3421 0
11 5110 0
9 9037 0
9 536 0
9 11092 0
10 13512 0
8 2685 0
9 1860 0
10 1717 0
10 2477 0
10 15701 0
3 15150
