 -6 1014  1
 -1 11289  1
 1 12279  1
 4 14491  0
 -6 7217  1
 -4 2182  1
 -5 13102  1
 -8 14957  1
 -4 12745  1
 0 799  1
 2 6186  1
 1 4274  1
 -3 11403  1
 -4 4232  1
 -3 15277  1
 -1 12669  1
 0 10458  1
 -8 11987  1
 -7 13976  1
 3 6266  1
 2 529  1
 -2 8743  1
 -5 6518  1
 -9 4848  1
 1 14222  0
 0 1949  1
 2 3843  1
 4 14065  0
 -6 6310  1
 -7 1188  1
 -5 10699  1
 -5 5941  1
 2 10285  0
 -4 11589  1
 0 6723  1
 0 9343  1
 3 4829  1
 -8 13002  1
 2 3862  1
 3 1108  1
 -1 1564  1
 -3 10223  1
 -6 8365  1
 4 7665  0
 -1 4212  1
 -3 13521  1
 -1 13033  1
 -10 3102  1
 -1 2890  1
 1 11342  1
 4 5765  0
 -1 5806  1
 -8 1436  1
 -7 8544  1
 -10 2814  1
 -10 505  1
 -3 2494  1
 -4 4241  1
 -8 11802  1
 -9 4496  1
 0 14987  1
 -10 6571  1
 4 13584  0
 4 1448  1
 -6 15874  1
 -8 10424  1
 -3 3284  1
 -9 4242  1
 -3 1854  1
 -4 3000  1
 -6 6711  1
 -4 7787  1
 -7 7053  1
 -5 7819  1
 -5 12178  1
 -10 14701  1
 -9 7345  1
 -10 858  1
 -6 3453  1
 -4 5511  1
 -8 1977  1
 -7 972  1
 -10 6287  1
 -3 4358  1
 -9 2898  1
 1 1123  1
 -6 14463  1
 4 4277  0
 -3 9160  1
 -8 8071  1
 -3 7170  1
 0 8210  1
 4 3777  0
 -2 636  1
 -8 364  1
 4 4047  0
 0 1575  1
 -10 2901  1
 -8 5806  1
 -4 13194  1
 3 1458  1
 -4 2934  1
 4 14962  0
 -1 2943  1
 -3 12035  1
 -2 11637  1
 -10 14590  1
 2 11256  0
 -5 11925  1
 -9 12538  1
 2 7848  1
 -9 847  1
 -7 8654  1
 -5 3080  1
 3 12675  0
 -9 2342  1
 -9 5875  1
 -2 6248  1
 -10 8642  1
 -2 786  1
 -1 6034  1
 -2 6915  1
 -3 3785  1
 -7 12602  1
 -7 5297  1
 1 6630  1
 -6 10913  1
 4 6681  0
 -10 5700  1
 4 6783  0
 -2 6905  1
 -6 11073  1
 -1 6327  1
 -1 10487  1
 -6 7516  1
 -1 13739  1
 -8 396  1
 -8 7234  1
 4 10472  0
 -2 15668  1
 -6 9328  1
 4 8572  0
 -10 11071  1
 2 6775  1
 -5 2820  1
 -5 10883  1
 -2 1950  1
 -3 2845  1
 -10 13814  1
 1 1327  1
 -1 9176  1
 -3 12274  1
 -1 14780  1
 -7 4165  1
 -3 8649  1
 -3 5578  1
 1 15810  0
 -9 15683  1
 -3 12481  1
 0 15242  1
 -2 3134  1
 -6 2209  1
 -9 15769  1
 -6 1182  1
 -2 15900  1
 -5 1125  1
 3 7825  0
 -5 11794  1
 -9 2995  1
 3 1354  1
 -3 9573  1
 3 13321  0
 0 579  1
 3 9352  0
 -10 8091  1
 0 4479  1
 -8 13359  1
 -2 6702  1
 -6 5303  1
 0 10874  1
 -1 2256  1
 0 8246  1
 -8 6575  1
 -3 4682  1
 -1 5998  1
 3 4600  1
 3 9544  0
 -3 14993  1
 -6 7175  1
 -4 718  1
 -9 11203  1
 -10 510  1
 -6 1753  1
 3 491  1
 4 15089  0
 -4 12471  1
 -3 3033  1
 -4 5316  1
 3 6362  1
 0 4503  1
 -2 9653  1
 4 10139  0
 -1 6609  1
 -5 9332  1
 -5 9766  1
 -8 13484  1
 3 10197  0
 -2 15000  1
 -9 11014  1
 -7 603  1
 -3 7195  1
 -5 10908  1
 3 1396  1
 1 11499  1
 -8 2293  1
 -10 14143  1
 1 2586  1
 -3 7740  1
 1 6885  1
 -5 14041  1
 1 4896  1
 0 5278  1
 2 9630  0
 3 13862  0
 -2 8149  1
 -7 2995  1
 -8 10301  1
 1 1656  1
 -7 4426  1
 0 8786  1
 -1 10427  1
 -4 3396  1
 -2 4033  1
 -9 11586  1
 -8 1699  1
 -8 10326  1
 -6 5532  1
 -6 3409  1
 1 318  1
 3 5233  1
 -8 14678  1
 -9 10224  1
 3 13948  0
 0 1929  1
 -4 6169  1
 -7 7403  1
 0 13520  1
 -7 1379  1
 3 7365  0
 1 8839  1
 -3 2670  1
 0 7854  1
 -6 9757  1
 3 13234  0
 -5 8747  1
 -6 3677  1
 -4 6001  1
 -5 11389  1
 -3 12713  1
 -6 10854  1
 -2 15284  1
 -6 12162  1
 3 11727  0
 3 7166  0
 -9 3377  1
 -5 5028  1
 -7 5156  1
 2 428  1
 -8 10051  1
 -6 4431  1
 4 14121  0
 1 13662  0
 -10 7  1
 -10 5607  1
 -3 8563  1
 -2 1225  1
 -8 1601  1
 -10 9111  1
 2 15348  0
 -1 9271  1
 0 7122  1
 0 2107  1
 -7 193  1
 4 1233  1
 -2 5199  1
 -3 14450  1
 -3 735  1
 0 10555  1
 -8 7494  1
 0 13966  1
 0 9069  1
 4 8996  0
 -1 4205  1
 -8 2220  1
 -6 3705  1
 -8 3799  1
 -10 11934  1
 -2 8497  1
 -8 10296  1
 -1 693  1
 -10 15739  1
 1 2634  1
 -10 10427  1
 -1 1402  1
 -5 5587  1
 -5 5999  1
 -7 11893  1
 3 1969  1
 -3 2638  1
 -3 15071  1
 2 13594  0
 1 5438  1
 -8 4401  1
 3 11553  0
 -4 2697  1
 -3 8543  1
 2 10521  0
 2 10995  0
 1 12658  1
 -2 51  1
 -1 1428  1
 1 15406  0
 2 12914  0
 2 7382  1
 -10 15808  1
 -8 11295  1
 -7 2578  1
 -7 6984  1
 -10 11919  1
 1 14183  0
 -1 3668  1
 2 13707  0
 -2 9571  1
 3 3521  1
 -5 11150  1
 -1 7536  1
 -6 11894  1
 -9 12833  1
 -3 5350  1
 -6 9962  1
 3 15981  0
 -9 8279  1
 -5 1812  1
 -4 11176  1
 -3 5622  1
 1 12734  1
 -7 12283  1
 -4 8145  1
 -9 15746  1
 -7 6114  1
 -5 9856  1
 -9 5517  1
 -5 11131  1
 -4 7456  1
 -10 6646  1
 4 10998  0
 -4 2185  1
 -10 10058  1
 -9 5199  1
 -3 7039  1
 -8 2922  1
 1 15719  0
 3 13249  0
 -7 8300  1
 -6 9594  1
 0 8238  1
 -9 14580  1
 -7 4279  1
 3 12491  0
 -8 10724  1
 0 15694  1
 -1 829  1
 -4 1271  1
 -5 1678  1
 1 13330  0
 -4 12687  1
 -3 12982  1
 -7 3214  1
 2 2299  1
 -4 8554  1
 -3 14391  1
 -8 7223  1
 0 6740  1
 -1 8624  1
 3 11728  0
 1 5147  1
 -8 13107  1
 1 2706  1
 -2 11174  1
 -2 13568  1
 -3 1933  1
 1 7154  1
 -8 14237  1
 -10 4326  1
 0 549  1
 -4 11622  1
 -5 9900  1
 -7 12729  1
 1 3095  1
 -6 15882  1
 -3 12885  1
 -7 507  1
 -9 1319  1
 -1 10786  1
 -10 966  1
 -1 2636  1
 -2 9088  1
 -10 5525  1
 -8 11796  1
 -7 13483  1
 -4 5322  1
 2 13830  0
 -6 474  1
 4 8824  0
 -1 15190  1
 -5 5469  1
 -5 9193  1
 -5 10833  1
 3 11516  0
 -5 1748  1
 -6 5537  1
 -7 9880  1
 -5 3791  1
 -8 12725  1
 -2 13700  1
 -1 906  1
 4 7625  0
 -2 2260  1
 4 5447  0
 0 699  1
 -9 1099  1
 -10 1852  1
 0 5140  1
 1 9  1
 -8 5981  1
 -4 6810  1
 -5 2346  1
 -2 839  1
 -9 3857  1
 -3 1449  1
 3 2587  1
 4 12162  0
 -6 5056  1
 -4 14419  1
 4 3666  0
 0 9187  1
 -10 5221  1
 4 3154  1
 -6 1391  1
 3 758  1
 -4 2349  1
 -2 3063  1
 -4 3551  1
 0 12613  1
 3 8605  0
 -10 11251  1
 2 9777  0
 -8 15399  1
 -9 4742  1
 2 5905  1
 3 14171  0
 -10 15456  1
 -1 13682  1
 -4 594  1
 -8 6014  1
 1 627  1
 -6 7112  1
 -1 11726  1
 -2 12676  1
 -5 1217  1
 -1 9876  1
 4 7102  0
 -7 433  1
 0 6472  1
 -8 342  1
 -9 15870  1
 -6 8971  1
 -9 9028  1
 -9 10126  1
 -2 9127  1
 2 10456  0
 -1 8402  1
 1 15574  0
 -5 6424  1
 4 6877  0
 -5 4663  1
 4 11827  0
 1 4754  1
 3 9179  0
 1 9823  1
 -9 48  1
 3 2222  1
 -7 12356  1
 1 11988  1
 -6 1200  1
 -1 14876  1
 -7 12205  1
 -7 15529  1
 4 7561  0
 0 3870  1
 -1 5185  1
 -4 11720  1
 -1 13130  1
 -10 8499  1
 2 13352  0
 0 8868  1
 3 14963  0
 -4 12941  1
 1 7766  1
 -7 1  1
 -7 10283  1
 -9 14307  1
 2 7498  1
 -10 3184  1
 -3 12391  1
 -6 6607  1
 3 8101  0
 4 12846  0
 -2 2257  1
 -3 7068  1
 1 3781  1
 4 7631  0
 -5 771  1
 -10 4906  1
 -6 7264  1
 -8 8081  1
 -7 10702  1
 -10 15878  1
 -7 8636  1
 3 2447  1
 1 13255  0
 -10 640  1
 -3 4213  1
 -1 6014  1
 4 10229  0
 -7 10182  1
 4 13113  0
 -7 15471  1
 0 9788  1
 -3 12426  1
 -4 11868  1
 3 315  1
 -2 12805  1
 -7 3732  1
 -3 15783  1
 -2 448  1
 -7 5787  1
 0 14640  1
 -8 14277  1
 4 2127  1
 3 10879  0
 3 11046  0
 2 9098  1
 4 6561  0
 3 1608  1
 2 10153  0
 1 2508  1
 6 953  0
 7 1045  0
 4 11781  0
 1 6963  1
 7 15533  0
 1 3759  1
 3 9907  0
 2 5806  1
 6 13163  0
 5 6111  0
 3 12178  0
 3 3590  1
 6 939  0
 2 13081  0
 6 6651  0
 5 15151  0
 7 2143  0
 5 10449  0
 7 2762  0
 4 3931  0
 1 15708  0
 6 6409  0
 5 576  0
 2 14905  0
 2 1576  1
 2 7721  1
 7 11074  0
 6 15651  0
 5 12116  0
 2 7161  1
 4 4371  0
 5 8426  0
 2 2460  1
 2 5075  1
 7 8354  0
 3 10417  0
 3 7345  0
 3 6663  0
 7 650  0
 5 12911  0
 7 5692  0
 4 12171  0
 1 4184  1
 7 5192  0
 3 10637  0
 1 3861  1
 7 571  0
 6 13253  0
 3 4373  1
 1 7974  1
 6 13804  0
 7 11902  0
 5 10509  0
 1 8531  1
 3 5973  1
 7 10242  0
 2 7144  1
 4 2492  1
 5 13543  0
 3 943  1
 1 14799  0
 7 5479  0
 4 2968  1
 6 6360  0
 5 7733  0
 1 12003  1
 7 2181  0
 1 754  1
 3 13422  0
 1 7714  1
 2 7743  1
 7 533  0
 5 6313  0
 1 8061  1
 4 10254  0
 1 8950  1
 6 1837  0
 3 13785  0
 7 10307  0
 2 8779  1
 7 11430  0
 6 14853  0
 3 4269  1
 6 1278  0
 3 8847  0
 6 13624  0
 6 14988  0
 7 10942  0
 1 15034  0
 5 2484  0
 1 4150  1
 7 1343  0
 3 7719  0
 7 13031  0
 6 3041  0
 1 12097  1
 5 8645  0
 4 7463  0
 5 15750  0
 5 7094  0
 5 622  0
 1 14621  0
 7 5082  0
 6 14682  0
 2 10846  0
 6 15701  0
 7 2118  0
 4 11147  0
 6 12588  0
 5 14084  0
 3 14841  0
 2 4276  1
 4 15990  0
 2 4472  1
 3 7085  0
 1 944  1
 2 4021  1
 4 1944  1
 2 769  1
 2 945  1
 5 15649  0
 5 2047  0
 3 2316  1
 6 8199  0
 1 13768  0
 5 13722  0
 3 12644  0
 1 11598  1
 6 13466  0
 4 14176  0
 1 8359  1
 4 12702  0
 5 13145  0
 5 12170  0
 5 5767  0
 4 12269  0
 5 9381  0
 2 6287  1
 3 3338  1
 7 5513  0
 2 12105  0
 2 8803  1
 6 3409  0
 5 8161  0
 2 12446  0
 3 5440  1
 4 5000  0
 7 3527  0
 4 13040  0
 4 8306  0
 3 734  1
 7 12166  0
 3 14655  0
 2 13043  0
 5 11369  0
 3 8898  0
 7 2777  0
 5 5171  0
 3 15807  0
 1 7304  1
 2 3734  1
 5 13627  0
 7 3799  0
 2 5411  1
 5 15669  0
 7 8557  0
 5 7018  0
 7 3850  0
 7 6872  0
 2 13505  0
 7 13477  0
 7 7494  0
 3 13308  0
 3 6700  0
 5 10997  0
 6 7731  0
 6 1027  0
 3 3685  1
 3 998  1
 6 2227  0
 5 14898  0
 2 10278  0
 6 13941  0
 6 8122  0
 2 7239  1
 4 14948  0
 6 3535  0
 4 5647  0
 3 2811  1
 4 2751  1
 6 13091  0
 5 14715  0
 1 7517  1
 13 10847  0
 8 11289  0
 13 13415  0
 12 1688  0
 8 306  0
 12 4137  0
 12 8311  0
 14 14643  0
 9 3351  0
 9 14726  0
 12 9294  0
 11 134  0
 14 4322  0
 11 10209  0
 10 14227  0
 9 4833  0
 11 5335  0
 8 2577  0
 10 8590  0
 12 9548  0
 10 10854  0
 8 7797  0
 12 1213  0
 11 15153  0
 9 14279  0
 12 7621  0
 12 3386  0
 13 2761  0
 8 1437  0
 13 8620  0
 9 15908  0
 13 4069  0
 13 5262  0
 13 5505  0
 10 13435  0
 11 10090  0
 11 10454  0
 12 321  0
 11 939  0
 10 13004  0
 13 9992  0
 11 6670  0
 9 12476  0
 12 4830  0
 11 15270  0
 8 5208  0
 12 1649  0
 10 4994  0
 14 12947  0
 13 6222  0
 10 2324  0
 11 5060  0
 10 444  0
 14 424  0
 12 12001  0
 12 1470  0
 13 267  0
 13 10377  0
 11 6167  0
 8 15732  0
 12 7288  0
 13 7108  0
 13 3088  0
 14 7631  0
 10 5028  0
 8 11429  0
 10 14527  0
 11 10368  0
 8 2852  0
 8 3548  0
 14 9730  0
 12 13111  0
 10 14896  0
 11 11251  0
 10 10901  0
 13 8047  0
 13 11856  0
 12 13905  0
 10 1865  0
 11 3194  0
 8 6908  0
 12 4534  0
 12 14954  0
 13 14161  0
 11 1759  0
 12 5441  0
 10 12728  0
 8 1576  0
 13 15281  0
 8 14270  0
 12 3521  0
 8 10373  0
 11 10157  0
 14 9493  0
 9 10005  0
 9 15352  0
 12 13394  0
 8 7227  0
 14 6932  0
 9 6032  0
 9 10359  0
 9 3962  0
 8 7457  0
 9 142  0
 12 9538  0
 8 6649  0
 14 9621  0
 11 14251  0
 10 874  0
 13 15737  0
 8 2726  0
 12 14350  0
 13 9907  0
 12 8285  0
 12 10568  0
 9 5088  0
 13 12190  0
 13 308  0
 8 14146  0
 11 870  0
 11 14615  0
 14 10073  0
 11 13888  0
 14 1438  0
 10 3624  0
 9 13807  0
 12 3578  0
 10 250  0
 14 4643  0
 10 7834  0
 13 10182  0
 10 15591  0
 10 12995  0
 12 3552  0
 14 8418  0
 13 6753  0
 11 11535  0
 11 1779  0
 9 675  0
 10 15333  0
 12 9143  0
 9 7427  0
 11 5187  0
 12 8587  0
 10 11344  0
 8 11982  0
 11 997  0
 9 13607  0
 12 15741  0
 9 11025  0
 9 12256  0
 9 12449  0
 10 11673  0
 10 15090  0
 13 4056  0
 13 15135  0
 14 7407  0
 13 3932  0
 10 13762  0
 11 1555  0
 9 2095  0
 13 2883  0
 11 1841  0
 14 7246  0
 11 10440  0
 11 3651  0
 13 11403  0
 13 13941  0
 10 7068  0
 8 12567  0
 14 11371  0
 13 2597  0
 14 1462  0
 14 198  0
 9 15962  0
 11 11762  0
 11 2075  0
 11 1409  0
 14 526  0
 9 4159  0
 13 14517  0
 11 1190  0
 13 9306  0
 8 2910  0
 12 15694  0
 14 15696  0
 13 10882  0
 8 7262  0
 10 10500  0
 9 6558  0
 9 15150  0
 9 7778  0
 9 12491  0
 12 11169  0
 9 10719  0
 14 5506  0
 9 13467  0
 8 1006  0
 9 11965  0
 10 5280  0
 14 10958  0
 10 3666  0
 8 7246  0
 14 13509  0
 14 1329  0
 13 4857  0
 13 14070  0
 8 13275  0
 12 15671  0
 13 15311  0
 14 6920  0
 14 758  0
 8 8593  0
 13 14768  0
 12 1224  0
 9 9073  0
 9 15116  0
 11 9114  0
 12 418  0
 10 12350  0
 13 13750  0
 12 1782  0
 14 9925  0
 12 4468  0
 13 2966  0
 10 4349  0
 14 7483  0
 11 8551  0
 12 4162  0
 9 9469  0
 12 858  0
 9 14819  0
 14 3396  0
 8 13013  0
 11 7071  0
 9 10314  0
 12 1342  0
 9 396  0
 13 14216  0
 9 7184  0
 14 8888  0
 8 7873  0
 12 14992  0
 12 12322  0
 11 14635  0
 14 6367  0
 14 12346  0
 9 12206  0
 12 12406  0
 9 11053  0
 -2 12334 
