-4 14950 1
2 5496 1
-8 6546 1
1 15623 0
1 4929 1
0 15647 1
-3 3366 1
-3 1705 1
-4 5668 1
1 12792 1
-9 10772 1
-1 6215 1
-10 2804 1
-10 9306 1
-7 15024 1
-2 5977 1
-5 722 1
-1 12476 1
-7 11343 1
4 3266 0
3 11513 0
-7 15841 1
-6 8615 1
-6 15906 1
-8 5051 1
-5 7373 1
-7 13876 1
-10 11744 1
-6 7540 1
-6 15768 1
-5 2659 1
1 13568 0
1 5555 1
-1 6880 1
-2 11727 1
3 11265 0
-5 8757 1
3 5877 1
-4 10346 1
-9 8178 1
3 327 1
-4 14446 1
-2 1354 1
-9 7958 1
-10 14639 1
-3 11763 1
-4 15989 1
2 11698 0
4 6329 0
-7 15520 1
3 13585 0
-4 7012 1
-4 10398 1
-9 11397 1
4 10755 0
-6 10397 1
-4 12504 1
-9 5944 1
1 13658 0
-7 10806 1
-7 1813 1
-4 10342 1
-7 2616 1
-6 5919 1
1 2694 1
-4 504 1
-4 1599 1
-2 732 1
-2 15533 1
-3 14941 1
4 6404 0
-3 5314 1
-1 13315 1
-5 10135 1
3 7009 0
4 1729 1
-9 8833 1
1 12989 0
-4 12561 1
-8 4014 1
-5 11524 1
4 12748 0
-6 4346 1
-7 4781 1
-8 657 1
1 12578 1
-5 5266 1
0 13329 1
-2 1456 1
-10 6678 1
2 10469 0
-4 4754 1
-8 4720 1
3 13852 0
-5 12366 1
-1 12861 1
1 3741 1
-2 4366 1
-4 11747 1
-10 5381 1
-1 540 1
-4 13881 1
-1 2987 1
1 12834 0
3 14437 0
-7 5298 1
1 12320 1
-4 11303 1
-7 10838 1
-1 15545 1
-5 5838 1
4 6762 0
-4 15660 1
-10 2100 1
1 6510 1
-4 13570 1
-10 11192 1
2 12712 0
-7 9478 1
-1 101 1
-2 1548 1
4 7394 0
-2 4639 1
-10 174 1
2 13844 0
-10 11952 1
-9 1482 1
4 3745 0
-9 203 1
-4 10826 1
-8 9746 1
-10 7406 1
-3 6081 1
-6 755 1
4 10028 0
-3 10665 1
-10 9497 1
-4 4376 1
-5 7535 1
3 2040 1
3 15868 0
-6 14273 1
-5 10565 1
0 14924 1
1 9308 1
0 3239 1
-8 15440 1
2 15106 0
-10 8489 1
4 2593 1
4 97 1
-10 2953 1
-5 5536 1
0 8610 1
0 11041 1
2 10055 0
-8 5101 1
1 3054 1
-6 2422 1
-9 13333 1
-1 5945 1
-6 5917 1
3 4560 1
-3 1110 1
1 7566 1
-7 13433 1
-3 11453 1
-8 14649 1
3 2125 1
-3 731 1
4 2810 1
-7 693 1
0 1025 1
-9 13195 1
-7 10103 1
-1 14409 1
-4 2141 1
-3 9802 1
0 11011 1
-7 1424 1
2 10250 0
1 3223 1
-3 368 1
-9 6682 1
-8 13410 1
-7 2481 1
-1 346 1
3 7808 0
-9 4287 1
-1 13881 1
-7 11153 1
2 2195 1
2 5115 1
-5 5878 1
-7 8469 1
-7 3889 1
3 6804 0
-7 4914 1
-4 851 1
-2 11098 1
4 10401 0
-1 5950 1
-5 7956 1
-7 7005 1
-7 125 1
-3 6789 1
-10 6145 1
3 2015 1
1 10076 1
-5 2361 1
-1 12116 1
-8 10339 1
-1 225 1
-6 3350 1
2 9214 1
-9 959 1
0 15332 1
3 9054 0
-10 7779 1
1 5131 1
-10 15037 1
-9 3333 1
-10 12743 1
-7 7933 1
-2 1508 1
-3 12442 1
0 6814 1
-10 2893 1
-4 7 1
1 5704 1
-7 844 1
-1 10778 1
3 6972 0
0 1227 1
-4 4893 1
-9 4701 1
2 963 1
-9 11289 1
-1 15848 1
-1 13113 1
2 12448 0
-1 11274 1
-10 4827 1
-5 4256 1
3 11937 0
-9 738 1
0 6521 1
-9 15 1
-6 7087 1
-6 9524 1
-10 2061 1
-10 3922 1
-10 3692 1
3 9754 0
-5 5462 1
-2 7350 1
-5 14979 1
-2 7106 1
-5 14927 1
-1 10008 1
-10 7422 1
-8 11356 1
-8 469 1
-2 7289 1
4 1425 1
-4 3123 1
0 276 1
1 10834 1
1 6572 1
0 13088 1
-5 12467 1
3 9078 0
-7 10484 1
-1 12705 1
2 10450 0
-1 5887 1
-2 9602 1
4 5263 0
-10 15789 1
0 7302 1
-1 3887 1
4 5518 0
1 5888 1
-8 13953 1
0 15758 1
-7 12890 1
-7 4262 1
-3 9588 1
-3 8553 1
-5 12310 1
-2 4935 1
-3 546 1
-5 860 1
-3 2446 1
0 6525 1
-5 11205 1
-8 14913 1
-9 11016 1
-1 13736 1
3 4644 1
-1 15779 1
4 9927 0
-9 198 1
-4 4490 1
-9 5787 1
2 8309 1
-1 14365 1
2 5392 1
1 14442 0
4 11118 0
3 424 1
-8 4752 1
-1 8705 1
-1 4859 1
-8 13482 1
4 10344 0
-1 1252 1
-8 9777 1
-5 13812 1
3 5796 1
-1 2992 1
-9 5632 1
-2 13379 1
-9 4026 1
-9 12706 1
3 11627 0
3 3346 1
-5 9350 1
2 10381 0
4 9250 0
-5 1797 1
-8 3600 1
-5 2817 1
3 8581 0
1 3947 1
4 14334 0
4 9686 0
-10 11373 1
4 12861 0
0 12670 1
-4 6431 1
-7 5436 1
3 3870 1
1 6701 1
0 9145 1
1 11400 1
3 5319 1
-10 8366 1
-10 13742 1
4 6506 0
4 8751 0
-3 13201 1
2 514 1
1 4526 1
-8 10884 1
-1 384 1
4 3188 1
-9 15289 1
3 12891 0
-6 2377 1
-4 7520 1
2 2684 1
-4 4190 1
-10 10513 1
-1 8547 1
0 1319 1
2 4881 1
2 14601 0
3 6490 0
-3 14079 1
-3 7564 1
-6 88 1
3 12107 0
1 10726 1
-7 765 1
-1 3752 1
-2 12966 1
4 7597 0
0 5472 1
-5 8885 1
-10 1242 1
0 9864 1
-10 8928 1
-8 10070 1
-5 3276 1
-10 7596 1
-6 6907 1
-1 15142 1
-7 13478 1
-7 11327 1
-3 5653 1
-4 8825 1
3 6936 0
-2 510 1
-6 5915 1
-7 8761 1
-10 15454 1
3 6833 0
1 10404 1
4 5928 0
-2 2336 1
-6 124 1
4 2644 1
4 1807 1
-8 637 1
-6 13685 1
-9 10417 1
-9 10460 1
-1 2070 1
0 9218 1
-10 2356 1
-6 15740 1
4 8254 0
-4 5076 1
-2 3429 1
-8 8827 1
2 13878 0
-9 5405 1
-10 6926 1
-2 11623 1
-3 6756 1
2 4424 1
-9 5731 1
-4 6306 1
3 3463 1
1 10558 1
3 6694 0
-5 6823 1
2 5310 1
-10 7476 1
1 10125 1
-2 15234 1
3 11518 0
-10 3767 1
-3 11696 1
-1 3223 1
-2 15953 1
-9 9567 1
-6 524 1
3 10107 0
-9 524 1
-4 5479 1
-4 7915 1
-1 6831 1
-3 11285 1
-3 11272 1
-4 1578 1
4 13589 0
3 14613 0
-5 6030 1
3 3720 1
7 3049 0
5 9632 0
1 14909 0
3 12146 0
2 12926 0
4 6476 0
3 11401 0
2 3755 1
4 6546 0
1 9506 1
6 13101 0
2 14631 0
6 7675 0
1 4288 1
6 6223 0
5 8375 0
2 13899 0
2 4494 1
6 13433 0
3 11285 0
1 12377 1
4 11369 0
2 968 1
5 4934 0
5 10723 0
3 530 1
2 12422 0
4 1480 1
7 11181 0
6 10336 0
7 1752 0
1 12514 1
2 15052 0
1 8732 1
4 15277 0
4 11258 0
7 6683 0
4 15262 0
2 8670 1
5 12224 0
6 11684 0
5 1572 0
7 10419 0
2 8447 1
3 1965 1
3 1326 1
1 12328 1
6 834 0
6 12684 0
4 5445 0
7 3181 0
6 11117 0
2 11207 0
1 14202 0
3 8817 0
6 6839 0
1 1215 1
7 3606 0
4 15276 0
6 8556 0
5 9660 0
2 7490 1
5 6920 0
5 4051 0
5 7584 0
2 7718 1
7 5687 0
6 9579 0
7 14774 0
7 5051 0
5 5786 0
2 13501 0
2 14644 0
1 15779 0
7 9389 0
4 12751 0
7 836 0
5 5700 0
1 4987 1
1 12555 1
1 12597 1
2 13419 0
3 5859 1
3 11360 0
2 4996 1
2 9085 1
1 8205 1
7 6275 0
3 5411 1
2 11648 0
3 10985 0
3 1298 1
7 6982 0
4 15440 0
6 8162 0
4 11218 0
7 2041 0
2 13671 0
1 6524 1
4 15028 0
4 5418 0
6 9757 0
3 15889 0
6 8222 0
1 4107 1
7 11356 0
1 5676 1
3 5957 1
4 3715 0
7 14601 0
7 7622 0
7 11688 0
6 8681 0
5 15638 0
2 1114 1
3 15692 0
6 4074 0
2 1724 1
7 12041 0
5 14720 0
5 15567 0
6 8197 0
4 13953 0
4 8773 0
6 14651 0
3 14056 0
4 9816 0
1 959 1
3 1239 1
7 13308 0
3 11932 0
2 1934 1
7 15792 0
7 14309 0
1 5188 1
4 589 1
2 14501 0
5 7858 0
2 13732 0
7 2861 0
2 5445 1
5 6946 0
4 3678 0
2 3606 1
6 13818 0
7 14001 0
5 15478 0
5 11956 0
4 8886 0
7 11024 0
4 6939 0
4 11614 0
3 7626 0
3 2957 1
3 14003 0
6 839 0
7 2892 0
4 15180 0
4 8657 0
4 11184 0
6 14504 0
4 9582 0
6 10404 0
3 4212 1
2 14275 0
7 10623 0
7 4821 0
6 13570 0
6 14628 0
1 1350 1
6 659 0
6 13858 0
1 13630 0
1 7573 1
4 12261 0
2 935 1
1 4906 1
7 8658 0
6 14168 0
7 11746 0
1 2913 1
7 8453 0
7 3605 0
1 9639 1
4 10351 0
1 9063 1
4 6964 0
7 11534 0
1 11467 1
5 15657 0
5 15049 0
6 7297 0
5 14331 0
5 9734 0
3 3540 1
7 15525 0
1 5548 1
7 10638 0
1 4924 1
7 12984 0
5 6900 0
1 13704 0
5 11700 0
4 10606 0
3 4297 1
3 2645 1
3 14667 0
1 2453 1
3 8599 0
7 1406 0
5 8963 0
2 4153 1
5 2459 0
4 2813 1
3 3994 1
5 13202 0
6 12508 0
2 3963 1
7 14452 0
6 14310 0
3 14946 0
2 1692 1
6 13812 0
5 2135 0
2 13894 0
2 8661 1
3 13715 0
2 2969 1
2 12726 0
2 8816 1
2 6759 1
2 3279 1
5 9829 0
3 8667 0
5 13919 0
2 8305 1
6 632 0
6 11106 0
3 3456 1
4 12581 0
4 7125 0
7 9222 0
7 2610 0
4 15130 0
5 2256 0
1 2443 1
5 4205 0
5 14998 0
5 681 0
4 3179 1
4 2681 1
4 6247 0
5 12075 0
6 6349 0
1 8325 1
6 15294 0
3 7229 0
1 12315 1
4 10766 0
2 7414 1
2 6668 1
7 8685 0
6 1839 0
6 8373 0
3 12649 0
7 5820 0
5 4964 0
2 5428 1
7 8899 0
7 4037 0
3 1369 1
6 1751 0
3 2418 1
6 4412 0
2 15054 0
4 1190 1
6 1253 0
1 2344 1
2 15008 0
5 9271 0
7 4710 0
1 5917 1
4 7645 0
2 1117 1
2 12278 0
6 15213 0
6 15629 0
1 2239 1
5 13839 0
2 10787 0
3 9251 0
3 6208 1
3 14959 0
4 10535 0
2 2723 1
1 923 1
7 5840 0
3 1815 1
7 7644 0
11 13583 0
14 12147 0
8 6481 0
8 7970 0
10 13317 0
14 14286 0
11 5487 0
13 14721 0
9 5906 0
14 11259 0
8 9554 0
14 9814 0
13 549 0
12 12368 0
14 6577 0
12 173 0
8 2112 0
10 5999 0
13 8545 0
11 15131 0
9 13530 0
12 11303 0
12 6321 0
12 12497 0
10 720 0
8 14939 0
9 4617 0
11 15341 0
14 4145 0
8 933 0
13 5957 0
11 14175 0
9 15276 0
13 6538 0
8 5599 0
8 11959 0
14 15674 0
11 2726 0
14 3606 0
14 5902 0
10 13800 0
11 15229 0
10 11935 0
13 13490 0
12 5645 0
11 8747 0
11 6961 0
9 13771 0
10 12103 0
11 11768 0
12 3391 0
13 15435 0
14 5214 0
8 2968 0
13 4644 0
8 11267 0
10 10220 0
12 14383 0
14 8889 0
11 6608 0
8 14788 0
13 10955 0
14 9280 0
9 7250 0
13 9859 0
13 3271 0
12 3101 0
13 3428 0
8 7998 0
8 389 0
12 10662 0
8 6295 0
10 11958 0
9 14301 0
13 4663 0
14 12621 0
9 2351 0
12 11254 0
11 1141 0
8 5512 0
8 9676 0
10 3226 0
11 12894 0
8 2375 0
14 6884 0
13 6624 0
11 8482 0
13 7183 0
14 5502 0
10 2514 0
10 5235 0
12 8163 0
12 694 0
14 8495 0
11 705 0
13 861 0
11 11124 0
14 1532 0
9 13377 0
14 8683 0
12 1196 0
14 5963 0
11 8722 0
9 10948 0
10 2939 0
13 2291 0
13 14646 0
14 12541 0
14 14077 0
11 6834 0
13 8125 0
12 13754 0
12 11819 0
14 13227 0
12 10067 0
9 1006 0
10 12792 0
11 4812 0
10 4640 0
8 1989 0
13 4991 0
8 6239 0
9 9544 0
10 8290 0
13 2170 0
8 6443 0
10 8132 0
13 3412 0
11 2287 0
12 12263 0
11 7141 0
8 12783 0
8 12063 0
13 14872 0
11 10890 0
11 10632 0
14 6725 0
10 3157 0
12 1705 0
10 7497 0
8 7799 0
11 12318 0
13 14502 0
8 3764 0
13 3106 0
12 3916 0
11 5284 0
9 4960 0
10 7672 0
14 6324 0
8 730 0
12 7726 0
11 14137 0
13 3566 0
13 4841 0
11 9208 0
10 1637 0
10 9378 0
10 3958 0
14 13152 0
13 4004 0
14 4341 0
8 10181 0
14 5324 0
9 1621 0
13 2546 0
9 498 0
10 1176 0
13 181 0
9 14007 0
8 13696 0
10 8171 0
12 717 0
14 7416 0
14 10533 0
14 2202 0
11 835 0
11 12715 0
9 6581 0
11 14265 0
8 8400 0
14 11409 0
11 5722 0
10 5243 0
12 4357 0
13 4994 0
14 2012 0
13 112 0
13 5906 0
12 288 0
13 6454 0
10 9816 0
8 10992 0
12 3080 0
11 10160 0
14 6495 0
12 5706 0
13 8578 0
14 11424 0
8 5316 0
12 9131 0
13 11592 0
14 10990 0
8 5840 0
9 8602 0
14 12845 0
13 6731 0
9 10012 0
9 5500 0
12 12753 0
12 2511 0
13 700 0
10 6006 0
13 10380 0
9 3795 0
8 1847 0
10 4186 0
10 2874 0
12 9881 0
13 6746 0
11 5052 0
14 15280 0
12 1678 0
12 2629 0
9 3729 0
10 9079 0
8 3771 0
12 8813 0
13 12055 0
10 8225 0
14 7835 0
8 866 0
11 13797 0
11 9091 0
8 15584 0
8 9144 0
12 3126 0
9 5976 0
9 14079 0
10 4355 0
13 9203 0
11 741 0
14 8552 0
8 1810 0
12 12249 0
11 13742 0
9 3558 0
9 13752 0
11 12818 0
12 324 0
-10 3670